[gd_scene load_steps=2 format=2]

[ext_resource path="res://Assets/Meshes/cabin.glb" type="PackedScene" id=1]

[node name="Cabins" type="Spatial"]
transform = Transform( -0.16076, 0, 0.986994, 0, 1, 0, -0.986994, 0, -0.16076, 175.542, 2.2504, 174.443 )

[node name="cabin" type="Spatial" parent="." instance=ExtResource( 1 )]

[node name="cabin2" type="Spatial" parent="." instance=ExtResource( 1 )]
transform = Transform( 0.568117, 0, 0.822948, 0, 1, 0, -0.822948, 0, 0.568117, 121.905, 1.74461, -85.6981 )

[node name="cabin3" type="Spatial" parent="." instance=ExtResource( 1 )]
transform = Transform( -0.703494, 0, -0.710701, 0, 1, 0, 0.710701, 0, -0.703494, -63.2305, 2.28305, -112.369 )

[node name="cabin4" type="Spatial" parent="." instance=ExtResource( 1 )]
transform = Transform( -0.758168, 0, 0.652059, 0, 1, 0, -0.652059, 0, -0.758168, -142.779, -0.817096, 80.467 )

[node name="cabin5" type="Spatial" parent="." instance=ExtResource( 1 )]
transform = Transform( -0.694847, 0, -0.719158, 0, 1, 0, 0.719158, 0, -0.694847, 27.8582, -0.49926, 161.595 )

[node name="cabin6" type="Spatial" parent="." instance=ExtResource( 1 )]
transform = Transform( -0.774867, 0, 0.632124, 0, 1, 0, -0.632124, 0, -0.774867, -99.0455, -0.397642, 36.7991 )
