[gd_scene load_steps=3 format=2]

[ext_resource path="res://Assets/Meshes/cabin.glb" type="PackedScene" id=1]
[ext_resource path="res://Assets/Meshes/bridge.glb" type="PackedScene" id=2]

[node name="Cabins" type="Spatial"]
transform = Transform( -0.16076, 0, 0.986994, 0, 1, 0, -0.986994, 0, -0.16076, 175.542, 2.2504, 174.443 )

[node name="cabin" type="Spatial" parent="." instance=ExtResource( 1 )]

[node name="cabin2" type="Spatial" parent="." instance=ExtResource( 1 )]
transform = Transform( 0.568117, 0, 0.822948, 0, 1, 0, -0.822948, 0, 0.568117, 121.905, 1.74461, -85.6981 )

[node name="cabin3" type="Spatial" parent="." instance=ExtResource( 1 )]
transform = Transform( -0.703494, 0, -0.710701, 0, 1, 0, 0.710701, 0, -0.703494, -63.2305, 2.28305, -112.369 )

[node name="cabin4" type="Spatial" parent="." instance=ExtResource( 1 )]
transform = Transform( -0.758168, 0, 0.652059, 0, 1, 0, -0.652059, 0, -0.758168, -142.779, -0.817096, 80.467 )

[node name="cabin5" type="Spatial" parent="." instance=ExtResource( 1 )]
transform = Transform( -0.694847, 0, -0.719158, 0, 1, 0, 0.719158, 0, -0.694847, 27.8582, -0.49926, 161.595 )

[node name="cabin6" type="Spatial" parent="." instance=ExtResource( 1 )]
transform = Transform( -0.774867, 0, 0.632124, 0, 1, 0, -0.632124, 0, -0.774867, -99.0455, -0.397642, 36.7991 )

[node name="bridge" type="Spatial" parent="." instance=ExtResource( 2 )]
transform = Transform( 1.1237, -0.0186423, 0.00095807, 0.017278, 0.994252, -0.106079, 0.000958204, 0.114455, 1.11797, 125.304, -0.179629, -72.0718 )

[node name="bridge2" type="Spatial" parent="." instance=ExtResource( 2 )]
transform = Transform( 0.889919, 0.0146948, -0.685612, -0.00911439, 1.00087, 0.0151867, 0.686261, -0.00576298, 0.889278, 104.398, -1.03779, -21.7557 )

[node name="bridge3" type="Spatial" parent="." instance=ExtResource( 2 )]
transform = Transform( 0.239862, 0.0146948, -1.09699, 0.00280019, 1.00087, 0.0174858, 1.09793, -0.00576298, 0.239613, 127.626, -0.128235, 40.4046 )

[node name="bridge4" type="Spatial" parent="." instance=ExtResource( 2 )]
transform = Transform( 0.360108, -0.021364, -2.57681, 0.000842662, 1.00074, -0.0606148, 1.06457, 0.00643454, 0.871692, 111.89, -0.747994, 78.5767 )

[node name="bridge5" type="Spatial" parent="." instance=ExtResource( 2 )]
transform = Transform( 0.351644, -0.0153862, -1.06646, -0.116694, 0.994308, -0.0564752, 1.061, 0.114459, 0.347243, -12.1841, -0.32549, 22.17 )

[node name="bridge6" type="Spatial" parent="." instance=ExtResource( 2 )]
transform = Transform( 0.351643, 0.0370884, -2.06169, -0.116694, 0.995571, 0.00998195, 1.061, 0.0972058, 0.684394, -73.8932, -0.728665, -138.534 )
